ulaz: -56.8979 154845231.654786 14698.4564E-10 \\\\\\ string dasifuir dasifuir 1687.654648 string  -56474897 56468.58498 12. \7 14698.4564E-10 
izlaz: 154845174.756887
exit status: exited normally
